
# this is the entity description length for each entity in the ESBM dataset
[23, 103, 57, 40, 40,
32, 47, 58, 31, 90,
23, 22, 23, 24, 20,
51, 35, 28, 25, 22,
31, 28, 26, 34, 28,
34, 40, 22, 26, 24,
33, 24, 29, 22, 28,
57, 23, 20, 27, 22,
23, 46, 44, 26, 22,
21, 38, 36, 22, 20,
68, 50, 29, 49, 57,
75, 48, 38, 45, 55,
31, 37, 27, 26, 25,
24, 29, 25, 36, 54,
39, 33, 37, 37, 35,
36, 67, 35, 36, 34,
35, 21, 23, 22, 23,
20, 23, 27, 21, 25,
23, 31, 25, 29, 34,
43, 33, 51, 31, 31,
72, 38, 73, 64, 29,
32, 33, 22, 20, 50,
20, 39, 36, 70, 32,
20, 31, 27, 21, 23,
41, 43, 38, 43, 61]